SetDesc: 'LHAPDFSet - pi^+ FF fit at NNLO - mem=0 => average over replicas, mem=1-105 => Monte Carlo replicas - set generated with APFEL++'
SetIndex: 0000000
SetType: fragfn
Authors: R. Abdul Khalek, V. Bertone, A. Khoudli, E. R. Nocera
Reference: arXiv:xxxx.xxxxx
Format: lhagrid1
DataVersion: 1
Particle: 211
FlavorScheme: variable
ErrorType: replicas
NumMembers: 106
Flavors: [-5, -4, -3, -2, -1, 21, 1, 2, 3, 4, 5]
OrderQCD: 2
NumFlavors: 5
XMin: 0.010000
XMax: 1
QMin: 1.000000
QMax: 1000.000000
MZ: 91.187600
MUp: 0.000000
MDown: 0.000000
MStrange: 0.000000
MCharm: 1.510000
MBottom: 4.920000
ThresholdUp: 0.000000
ThresholdDown: 0.000000
ThresholdStrange: 0.000000
ThresholdCharm: 1.510000
ThresholdBottom: 4.920000
AlphaS_MZ: 0.118000
AlphaS_OrderQCD: 2
AlphaS_Type: ipol
AlphaS_Qs: [1.000000, 1.053917, 1.112953, 1.177724, 1.248939, 1.327409, 1.414069, 1.510000, 1.510000, 1.621464, 1.746074, 1.885782, 2.042886, 2.220102, 2.420653, 2.648376, 2.907857, 3.204601, 3.545244, 3.937819, 4.392093, 4.920000, 4.920000, 5.520421, 6.221739, 7.044636, 8.014753, 9.164040, 10.532533, 12.170673, 14.142381, 16.529145, 19.435494, 22.996367, 27.387122, 32.837205, 39.648973, 48.223793, 59.098535, 72.996995, 90.902966, 114.164982, 144.647805, 184.953533, 238.747459, 311.243040, 409.931119, 545.688067, 734.478325, 1000.000000, 1000.000000]
AlphaS_Vals: [0.472925, 0.451132, 0.430837, 0.411876, 0.394109, 0.377419, 0.361702, 0.346872, 0.346872, 0.334868, 0.322213, 0.310117, 0.298545, 0.287465, 0.276850, 0.266673, 0.256910, 0.247540, 0.238542, 0.229898, 0.221589, 0.213600, 0.213600, 0.207098, 0.200506, 0.194105, 0.187893, 0.181862, 0.176010, 0.170331, 0.164820, 0.159473, 0.154286, 0.149255, 0.144375, 0.139643, 0.135053, 0.130604, 0.126290, 0.122109, 0.118056, 0.114128, 0.110321, 0.106633, 0.103060, 0.099599, 0.096246, 0.092999, 0.089855, 0.086810, 0.086810]
